1          =A1+1          =C1+1          0          0          0          0          0          0          0          0
0          0          =A1+1          0          0          0          0          0          0          0          0
0          0          0          0          0          0          0          0          0          0          0
0          0          0          0          =C1+2          0          0          0          0          0          0
0          0          0          0          0          0          0          0          0          0          0
0          0          0          0          0          0          0          0          0          0          0
0          0          0          0          0          0          0          0          0          0          0
0          0          0          0          0          0          0          0          0          0          0
0          0          0          0          0          =3*C1+2          0          0          0          0          0
0          0          0          0          0          0          0          0          0          0          0
