1.0          null          1.0          0.0          0.0          0.0          0.0          0.0          0.0          0.0          0.0          
2.0          0.0          null          0.0          0.0          0.0          0.0          0.0          0.0          0.0          0.0          
0.0          0.0          0.0          0.0          0.0          0.0          0.0          0.0          0.0          0.0          0.0          
0.0          0.0          0.0          0.0          2.0          0.0          0.0          0.0          0.0          0.0          0.0          
0.0          0.0          0.0          0.0          0.0          0.0          0.0          0.0          0.0          0.0          0.0          
0.0          0.0          0.0          0.0          0.0          0.0          0.0          0.0          0.0          0.0          0.0          
0.0          0.0          0.0          0.0          0.0          0.0          0.0          0.0          0.0          0.0          0.0          
0.0          0.0          0.0          0.0          0.0          0.0          0.0          0.0          0.0          0.0          0.0          
0.0          0.0          0.0          0.0          0.0          2.0          0.0          0.0          0.0          0.0          0.0          
0.0          0.0          0.0          0.0          0.0          0.0          0.0          0.0          0.0          0.0          0.0          
